-10 1010 -10 1010
100
254.54 489.83
244.98 812.33
272.79 1.40
583.60 636.13
158.07 566.76
826.20 44.31
297.74 866.67
803.86 283.74
787.85 565.98
640.96 148.18
914.67 660.71
581.41 986.75
572.23 329.21
662.30 980.94
780.00 419.97
48.88 469.66
291.66 576.04
245.88 871.05
479.87 353.28
857.95 111.62
459.18 349.39
33.39 898.00
253.06 4.38
525.02 579.93
902.98 571.02
231.20 959.44
184.38 252.56
215.86 625.26
388.70 709.90
321.28 779.32
684.47 947.48
269.76 172.18
373.50 510.29
931.77 228.25
579.42 763.00
883.86 426.04
107.47 241.90
169.39 323.13
162.77 618.93
109.54 116.44
943.46 443.18
253.54 873.92
198.20 842.85
488.64 107.21
22.41 312.69
101.68 127.42
3.27 707.30
432.76 125.68
487.49 835.20
83.28 516.42
597.33 85.88
255.30 230.71
709.27 528.89
90.98 17.84
675.35 361.13
277.79 134.27
75.34 253.81
800.41 858.84
468.42 369.89
140.18 498.54
900.12 825.86
244.45 292.76
119.85 536.01
465.86 564.19
667.08 872.19
907.68 914.57
23.58 372.25
289.52 616.91
660.30 487.25
432.24 359.48
203.52 64.85
199.39 184.21
392.02 64.08
529.60 874.74
497.24 145.89
704.63 520.78
145.83 366.61
612.96 13.06
327.84 451.17
541.78 350.42
572.86 755.09
712.03 736.32
559.23 423.40
897.33 325.55
977.49 168.29
183.66 355.50
448.13 503.61
887.12 13.15
581.92 98.09
950.47 141.06
171.24 934.23
609.96 333.58
780.02 977.87
115.62 563.33
882.96 262.22
479.57 62.67
583.34 302.79
657.46 706.34
591.89 575.94
550.55 298.29
